-6.410100389002904464e+00 -3.314990293027898494e-01 5.045065942876849618e-01 -8.046930805631236083e-01 8.601415845941448590e-02 3.667290670853254664e+00 1.299885898746278023e+00 -6.073428673450880222e-01
-2.043095470469520891e-01 3.916236895003717411e-01 -7.883793928240575566e-01 4.578604386012058436e-01 -4.291914661238316331e-01 8.127603853352083352e-01 1.037309857165047422e-01 6.958575491470408991e-01
-1.128757535365410458e+00 3.333508615254606733e-01 -1.601090466547099300e+00 4.465832565411687050e-02 1.021289957623265465e+00 -1.733597994021589261e-01 4.991465852202755515e-01 8.682024292605157179e-01
9.311117240290935418e-03 5.627021378796117634e-01 -9.592996290041675422e-01 -1.779300101235916420e+00 -2.042895952379777391e-01 -1.004728260655546324e+00 -1.411276763220682406e-01 6.494934711926567683e-01
2.109473641156727197e-01 -6.734477073721417684e-02 5.394053760808651399e-01 -1.288706701707991176e-01 2.161914054123425188e+00 7.672724774721249030e-01 -4.561768573455142195e-01 -1.668125121195034311e-01
7.776429884317235253e-01 3.555213504291973581e-02 1.590495994126848722e-01 -5.123018273139210432e-01 -4.209144460737404558e-02 -9.753352308827278883e-01 -5.639407464094015054e-02 1.992082072826786288e-01
1.840612898714386048e-01 2.421939758463331760e-01 1.370300234915853732e+00 3.418096631434223154e-01 -4.081135383694234342e-02 1.229124091285404945e-02 -6.625145081225841844e-03 7.128855224191830153e-01
6.140155700852849563e-01 -7.769637768044921344e-01 1.720406959045654993e+00 5.021535193719575130e-01 -2.291574493379003319e-01 -7.466136684391804224e-01 -3.920336890356627135e-01 2.141229375890507658e-01
3.240459614471125072e-02 -1.411761324131319828e-01 -2.119190571128728440e-01 -2.583583282807734305e-01 -1.946586328939428068e-01 3.927483443474004687e-01 7.083205998294201944e-01 6.062417511119539970e-01
-1.000802496491361993e-01 -1.539798227372919381e-01 -9.018066939632103374e-01 -7.031747834406816278e-01 4.276126746685158242e-01 1.033905055009114893e+00 -9.314092629678198954e-01 -6.498033838792378614e-01
-1.421192141310172463e-01 -1.683981111673873654e+00 -5.366527035352270936e-01 -3.323310471774346131e-01 -7.431562265521949318e-01 9.296216316629681842e-01 9.865006915595826431e-01 -2.529233513371398345e-01
9.069065104663596166e-01 3.657823883275765908e-01 -5.596192867893270417e-01 -7.123580064905055131e-01 -3.511618761026249480e-01 2.785734570627469431e-01 -4.257195602752343877e-01 -4.581030148461426865e-01
-3.263315417498344750e-01 4.092999086275648235e-01 -3.806674567088408345e-01 9.286440732195091474e-01 -4.148524426933538622e-01 -6.465088140842627507e-01 -9.957956772615974561e-01 6.198889432186582837e-01
6.959309213036011244e-01 3.225616657680496768e-01 6.395224728473121178e-01 2.119648433460870063e-01 -1.848814488435706060e-01 -4.492051999764490322e-01 -3.521675831008634905e-01 -8.938475092355322449e-01
